% latex table generated in R 3.6.0 by xtable 1.8-4 package
% Wed Jul 17 07:16:24 2019
\begin{tabular}{rrrrrrrrrrr}
  \toprule
BCH & BTC & DASH & ETC & ETH & LTC & REP & STR & XMR & XRP & ZEC \\ 
  \midrule
1.00 & 0.48 & 0.21 & 0.32 & 0.47 & 0.43 & 0.15 & 0.27 & 0.23 & 0.37 & 0.22 \\ 
  0.48 & 1.00 & 0.26 & 0.36 & 0.52 & 0.45 & 0.19 & 0.33 & 0.30 & 0.41 & 0.24 \\ 
  0.21 & 0.26 & 1.00 & 0.15 & 0.22 & 0.21 & 0.11 & 0.16 & 0.18 & 0.18 & 0.14 \\ 
  0.32 & 0.36 & 0.15 & 1.00 & 0.36 & 0.30 & 0.14 & 0.21 & 0.18 & 0.30 & 0.16 \\ 
  0.47 & 0.52 & 0.22 & 0.36 & 1.00 & 0.42 & 0.16 & 0.29 & 0.23 & 0.40 & 0.21 \\ 
  0.43 & 0.45 & 0.21 & 0.30 & 0.42 & 1.00 & 0.16 & 0.26 & 0.24 & 0.35 & 0.19 \\ 
  0.15 & 0.19 & 0.11 & 0.14 & 0.16 & 0.16 & 1.00 & 0.11 & 0.12 & 0.13 & 0.08 \\ 
  0.27 & 0.33 & 0.16 & 0.21 & 0.29 & 0.26 & 0.11 & 1.00 & 0.16 & 0.26 & 0.16 \\ 
  0.23 & 0.30 & 0.18 & 0.18 & 0.23 & 0.24 & 0.12 & 0.16 & 1.00 & 0.20 & 0.15 \\ 
  0.37 & 0.41 & 0.18 & 0.30 & 0.40 & 0.35 & 0.13 & 0.26 & 0.20 & 1.00 & 0.17 \\ 
  0.22 & 0.24 & 0.14 & 0.16 & 0.21 & 0.19 & 0.08 & 0.16 & 0.15 & 0.17 & 1.00 \\ 
   \bottomrule
\end{tabular}
