% latex table generated in R 3.6.0 by xtable 1.8-4 package
% Wed Jul 17 07:16:24 2019
\begin{tabular}{rrrrrrrrrrr}
  \toprule
BCH & BTC & DASH & ETC & ETH & LTC & REP & STR & XMR & XRP & ZEC \\ 
  \midrule
1.00 & 0.55 & 0.24 & 0.36 & 0.52 & 0.48 & 0.16 & 0.31 & 0.25 & 0.41 & 0.24 \\ 
  0.55 & 1.00 & 0.27 & 0.41 & 0.60 & 0.51 & 0.19 & 0.37 & 0.31 & 0.45 & 0.26 \\ 
  0.24 & 0.27 & 1.00 & 0.18 & 0.24 & 0.23 & 0.11 & 0.18 & 0.18 & 0.21 & 0.15 \\ 
  0.36 & 0.41 & 0.18 & 1.00 & 0.41 & 0.34 & 0.14 & 0.24 & 0.19 & 0.32 & 0.16 \\ 
  0.52 & 0.60 & 0.24 & 0.41 & 1.00 & 0.48 & 0.17 & 0.33 & 0.27 & 0.45 & 0.23 \\ 
  0.48 & 0.51 & 0.23 & 0.34 & 0.48 & 1.00 & 0.17 & 0.29 & 0.26 & 0.40 & 0.23 \\ 
  0.16 & 0.19 & 0.11 & 0.14 & 0.17 & 0.17 & 1.00 & 0.13 & 0.12 & 0.13 & 0.10 \\ 
  0.31 & 0.37 & 0.18 & 0.24 & 0.33 & 0.29 & 0.13 & 1.00 & 0.18 & 0.29 & 0.19 \\ 
  0.25 & 0.31 & 0.18 & 0.19 & 0.27 & 0.26 & 0.12 & 0.18 & 1.00 & 0.21 & 0.16 \\ 
  0.41 & 0.45 & 0.21 & 0.32 & 0.45 & 0.40 & 0.13 & 0.29 & 0.21 & 1.00 & 0.20 \\ 
  0.24 & 0.26 & 0.15 & 0.16 & 0.23 & 0.23 & 0.10 & 0.19 & 0.16 & 0.20 & 1.00 \\ 
   \bottomrule
\end{tabular}
