% latex table generated in R 3.6.0 by xtable 1.8-4 package
% Wed Jul 17 07:16:24 2019
\begin{tabular}{rrrrrrrrrrr}
  \toprule
BCH & BTC & DASH & ETC & ETH & LTC & REP & STR & XMR & XRP & ZEC \\ 
  \midrule
1.00 & 0.50 & 0.23 & 0.33 & 0.47 & 0.46 & 0.13 & 0.29 & 0.25 & 0.37 & 0.23 \\ 
  0.50 & 1.00 & 0.27 & 0.36 & 0.55 & 0.49 & 0.18 & 0.34 & 0.30 & 0.40 & 0.27 \\ 
  0.23 & 0.27 & 1.00 & 0.17 & 0.22 & 0.22 & 0.10 & 0.17 & 0.17 & 0.22 & 0.14 \\ 
  0.33 & 0.36 & 0.17 & 1.00 & 0.37 & 0.31 & 0.11 & 0.21 & 0.17 & 0.28 & 0.14 \\ 
  0.47 & 0.55 & 0.22 & 0.37 & 1.00 & 0.47 & 0.16 & 0.30 & 0.27 & 0.42 & 0.22 \\ 
  0.46 & 0.49 & 0.22 & 0.31 & 0.47 & 1.00 & 0.17 & 0.26 & 0.25 & 0.39 & 0.23 \\ 
  0.13 & 0.18 & 0.10 & 0.11 & 0.16 & 0.17 & 1.00 & 0.12 & 0.11 & 0.11 & 0.11 \\ 
  0.29 & 0.34 & 0.17 & 0.21 & 0.30 & 0.26 & 0.12 & 1.00 & 0.18 & 0.27 & 0.19 \\ 
  0.25 & 0.30 & 0.17 & 0.17 & 0.27 & 0.25 & 0.11 & 0.18 & 1.00 & 0.20 & 0.15 \\ 
  0.37 & 0.40 & 0.22 & 0.28 & 0.42 & 0.39 & 0.11 & 0.27 & 0.20 & 1.00 & 0.19 \\ 
  0.23 & 0.27 & 0.14 & 0.14 & 0.22 & 0.23 & 0.11 & 0.19 & 0.15 & 0.19 & 1.00 \\ 
   \bottomrule
\end{tabular}
